-50
-50
-50
-50
-50
-50
-50
-50
-50
-50
-50
-50
-50
-50
-50
-50
-50
-50
-50
-50
-50
-50
-50
-50
-50
-50
-50
-50
-50
-50
-50
-50
-50
-50
-49
-49
-49
-49
-49
-49
-50
-49
-49
-49
-49
-49
-49
-49
-49
-49
-49
-49
-49
-49
-49
-49
-50
-49
-49
-49
-49
-49
-49
-49
-49
-49
-49
-49
-49
-49
-49
-49
-49
-49
-49
-49
-49
-49
-49
-49
-49
-49
-49
-49
-49
-49
-49
-49
-49
-48
-48
-48
-48
-48
-48
-48
-48
-48
-48
-49
-48
-48
-48
-48
-48
-48
-48
-48
-48
-48
-48
-48
-48
-48
-48
-48
-48
-48
-48
-48
-48
-48
-48
-48
-48
-48
-48
-48
-48
-48
-48
-48
-48
-48
-48
-48
-48
-48
-48
-48
-48
-48
-47
-47
-47
-47
-47
-48
-47
-47
-47
-47
-47
-47
-47
-47
-47
-47
-47
-47
-47
-47
-47
-47
-47
-47
-47
-47
-47
-48
-47
-47
-47
-47
-47
-47
-47
-47
-47
-47
-47
-47
-47
-47
-47
-47
-47
-47
-47
-47
-47
-47
-47
-47
-47
-47
-47
-46
-46
-46
-46
-46
-46
-46
-46
-46
-46
-46
-46
-46
-46
-46
-46
-46
-46
-46
-47
-46
-46
-46
-46
-46
-46
-46
-46
-46
-46
-46
-46
-46
-46
-46
-46
-46
-46
-46
-46
-46
-46
-46
-46
-46
-46
-46
-46
-45
-45
-45
-45
-45
-45
-45
-45
-45
-45
-45
-45
-45
-45
-45
-45
-45
-45
-45
-45
-45
-45
-45
-45
-45
-45
-45
-45
-45
-45
-45
-45
-45
-45
-45
-45
-45
-45
-45
-45
-45
-45
-45
-45
-45
-45
-45
-45
-45
-45
-45
-45
-45
-45
-45
-44
-44
-44
-44
-44
-44
-44
-44
-44
-44
-44
-47
-44
-44
-44
-44
-44
-44
-44
-44
-44
-44
-44
-44
-44
-44
-44
-44
-44
-44
-44
-44
-44
-44
-44
-44
-44
-44
-44
-44
-44
-44
-44
-44
-44
-44
-44
-44
-44
-44
-43
-44
-43
-43
-43
-43
-43
-43
-43
-43
-43
-43
-43
-47
-43
-43
-43
-43
-43
-43
-43
-43
-43
-43
-43
-43
-43
-43
-43
-43
-43
-43
-43
-43
-43
-43
-43
-43
-43
-43
-43
-43
-43
-42
-43
-42
-42
-42
-42
-43
-42
-42
-42
-42
-42
-42
-43
-42
-42
-42
-42
-42
-42
-42
-42
-42
-42
-42
-42
-42
-42
-42
-42
-42
-42
-42
-42
-42
-42
-42
-42
-42
-42
-42
-42
-42
-42
-42
-42
-42
-42
-42
-42
-41
-42
-41
-41
-41
-41
-41
-41
-41
-41
-41
-41
-41
-41
-41
-41
-41
-41
-41
-41
-41
-41
-41
-41
-41
-41
-41
-41
-41
-41
-41
-41
-41
-41
-41
-41
-41
-41
-41
-41
-41
-41
-41
-41
-41
-41
-41
-41
-41
-41
-41
-41
-41
-40
-40
-40
-40
-40
-40
-40
-40
-40
-40
-40
-40
-40
-40
-40
-40
-40
-40
-40
-40
-40
-40
-40
-40
-40
-40
-40
-40
-40
-44
-40
-40
-40
-40
-40
-40
-40
-40
-40
-40
-40
-40
-39
-39
-40
-39
-39
-39
-39
-39
-39
-39
-39
-39
-39
-39
-39
-39
-39
-39
-39
-39
-39
-39
-39
-39
-39
-39
-39
-39
-39
-39
-39
-39
-39
-39
-39
-39
-39
-39
-39
-39
-39
-39
-39
-39
-39
-39
-39
-38
-38
-38
-38
-39
-38
-38
-38
-38
-38
-38
-38
-38
-38
-38
-38
-38
-38
-38
-38
-38
-38
-38
-38
-38
-38
-38
-38
-38
-38
-38
-38
-38
-38
-38
-38
-38
-38
-38
-38
-38
-38
-38
-38
-38
-38
-38
-38
-38
-37
-38
-37
-37
-37
-37
-37
-37
-37
-37
-37
-37
-37
-37
-37
-37
-37
-37
-37
-37
-37
-37
-38
-37
-37
-37
-37
-37
-37
-37
-37
-37
-37
-37
-37
-37
-37
-37
-37
-37
-37
-37
-37
-37
-37
-37
-37
-37
-37
-37
-36
-36
-36
-36
-36
-36
-36
-38
-36
-36
-36
-36
-36
-36
-36
-36
-36
-36
-36
-36
-36
-36
-36
-36
-36
-36
-36
-36
-36
-36
-36
-36
-36
-36
-36
-36
-36
-36
-36
-36
-36
-36
-36
-36
-36
-36
-37
-36
-36
-36
-36
-36
-36
-36
-36
-36
-35
-35
-35
-35
-35
-35
-35
-35
-35
-35
-35
-35
-35
-35
-35
-35
-35
-35
-35
-35
-35
-35
-35
-35
-35
-35
-35
-35
-35
-35
-35
-35
-35
-35
-35
-35
-35
-35
-35
-34
-34
-34
-34
-34
-34
-35
-34
-34
-34
-34
-34
-34
-34
-34
-34
-34
-34
-34
-34
-34
-34
-34
-34
-34
-34
-34
-34
-34
-34
-34
-34
-34
-34
-34
-34
-34
-34
-34
-34
-34
-34
-34
-34
-34
-34
-34
-34
-34
-34
-34
-34
-34
-33
-34
-33
-33
-33
-33
-33
-34
-33
-33
-33
-33
-33
-33
-33
-33
-33
-33
-33
-33
-33
-33
-33
-33
-33
-33
-33
-33
-33
-33
-33
-33
-33
-33
-33
-33
-33
-33
-33
-33
-33
-33
-33
-33
-33
-33
-33
-33
-33
-33
-33
-33
-33
-32
-33
-32
-32
-32
-32
-32
-32
-32
-32
-32
-32
-32
-32
-32
-32
-32
-32
-32
-32
-32
-32
-32
-32
-32
-32
-32
-32
-32
-32
-32
-32
-32
-32
-32
-32
-32
-32
-32
-32
-32
-32
-31
-31
-31
-31
-31
-31
-31
-31
-31
-31
-31
-31
-31
-32
-31
-31
-31
-31
-31
-31
-31
-31
-31
-31
-31
-31
-31
-31
-31
-31
-31
-31
-31
-31
-31
-31
-31
-31
-31
-31
-31
-31
-31
-31
-31
-31
-31
-31
-31
-31
-30
-30
-30
-30
-31
-30
-30
-30
-30
-30
-30
-30
-30
-30
-30
-30
-30
-30
-30
-30
-30
-30
-30
-30
-30
-30
-30
-30
-30
-30
-30
-30
-30
-30
-30
-30
-30
-30
-30
-30
-30
-30
-30
-30
-29
-29
-29
-29
-29
-30
-29
-29
-29
-29
-29
-29
-29
-29
-29
-29
-29
-29
-29
-29
-29
-29
-29
-29
-29
-29
-29
-32
-29
-29
-29
-29
-29
-29
-29
-29
-29
-29
-29
-29
-29
-29
-29
-29
-29
-29
-29
-29
-29
-29
-29
-29
-29
-29
-29
-29
-29
-29
-28
-28
-28
-28
-28
-28
-28
-28
-28
-28
-28
-28
-28
-28
-28
-28
-28
-28
-28
-28
-28
-28
-28
-28
-28
-28
-28
-28
-28
-28
-28
-28
-28
-28
-28
-28
-28
-28
-28
-28
-28
-28
-28
-28
-28
-28
-28
-28
-28
-28
-28
-28
-28
-28
-28
-28
-27
-27
-27
-27
-27
-27
-27
-27
-27
-27
-27
-27
-27
-27
-27
-27
-27
-27
-27
-27
-27
-27
-27
-27
-27
-27
-27
-27
-27
-27
-27
-26
-27
-26
-26
-26
-26
-27
-26
-26
-26
-26
-26
-26
-26
-26
-26
-27
-26
-26
-26
-26
-26
-26
-26
-26
-26
-26
-26
-26
-26
-26
-26
-26
-26
-26
-26
-26
-26
-25
-25
-25
-25
-25
-25
-25
-25
-25
-25
-25
-25
-25
-25
-25
-25
-25
-25
-25
-25
-25
-25
-25
-25
-25
-25
-25
-25
-25
-25
-25
-25
-25
-25
-25
-25
-25
-25
-25
-25
-25
-25
-25
-24
-24
-24
-24
-24
-25
-24
-24
-24
-24
-24
-24
-24
-24
-27
-24
-24
-24
-24
-24
-24
-24
-24
-24
-24
-24
-24
-24
-24
-24
-24
-24
-24
-24
-24
-24
-24
-24
-24
-24
-24
-24
-24
-24
-24
-24
-24
-24
-24
-24
-24
-24
-24
-24
-24
-24
-24
-23
-24
-23
-23
-23
-23
-23
-23
-23
-23
-23
-23
-24
-23
-23
-23
-23
-23
-23
-23
-23
-23
-23
-23
-23
-23
-23
-23
-23
-23
-23
-23
-23
-23
-23
-23
-23
-23
-23
-23
-23
-23
-23
-23
-23
-23
-23
-23
-22
-22
-22
-23
-22
-22
-22
-22
-22
-22
-22
-22
-22
-22
-22
-22
-26
-22
-22
-22
-22
-22
-22
-22
-22
-22
-22
-22
-22
-22
-22
-22
-22
-22
-22
-22
-22
-22
-22
-22
-22
-22
-22
-22
-22
-22
-22
-22
-22
-22
-22
-22
-22
-22
-22
-21
-21
-21
-21
-21
-21
-21
-21
-21
-21
-21
-21
-21
-21
-21
-21
-21
-21
-21
-21
-21
-21
-21
-21
-21
-21
-21
-21
-21
-21
-21
-21
-21
-21
-21
-21
-21
-21
-21
-21
-21
-21
-21
-21
-21
-21
-21
-21
-21
-21
-21
-21
-20
-20
-20
-20
-20
-20
-20
-20
-20
-20
-20
-20
-20
-20
-20
-20
-20
-20
-20
-20
-20
-20
-20
-20
-20
-20
-20
-20
-20
-20
-20
-20
-20
-20
-20
-20
-20
-20
-20
-20
-20
-20
-20
-20
-20
-19
-19
-19
-19
-19
-19
-19
-19
-19
-19
-19
-19
-19
-19
-21
-19
-19
-19
-19
-19
-19
-19
-19
-19
-19
-19
-19
-19
-19
-19
-19
-19
-19
-19
-19
-19
-19
-19
-19
-19
-19
-19
-19
-19
-19
-19
-18
-18
-19
-18
-18
-18
-18
-18
-18
-18
-18
-18
-18
-18
-18
-18
-18
-18
-18
-18
-18
-18
-18
-18
-18
-18
-18
-18
-19
-18
-18
-18
-18
-18
-18
-18
-18
-18
-18
-18
-18
-18
-18
-18
-18
-18
-18
-18
-18
-18
-18
-18
-18
-18
-18
-18
-18
-18
-18
-18
-18
-18
-18
-17
-17
-17
-17
-17
-17
-17
-17
-20
-17
-17
-17
-17
-17
-17
-17
-17
-17
-17
-17
-17
-17
-17
-17
-17
-17
-17
-17
-17
-17
-17
-17
-17
-17
-17
-17
-17
-17
-17
-17
-17
-17
-17
-17
-17
-17
-17
-17
-17
-17
-17
-17
-16
-16
-16
-16
-16
-16
-16
-16
-16
-16
-16
-16
-16
-16
-16
-16
-16
-16
-16
-16
-16
-16
-16
-16
-16
-16
-16
-16
-16
-16
-16
-16
-16
-16
-16
-16
-16
-16
-16
-16
-16
-16
-16
-16
-16
-16
-16
-38
-16
-16
-16
-16
-16
-16
-16
-16
-16
-16
-16
-16
-16
-16
-16
-15
-15
-15
-15
-15
-15
-15
-15
-15
-15
-15
-15
-15
-15
-15
-15
-15
-15
-15
-15
-15
-15
-15
-15
-15
-15
-15
-15
-15
-15
-15
-15
-15
-15
-15
-15
-15
-15
-15
-15
-15
-15
-15
-15
-15
-15
-15
-15
-15
-15
-14
-14
-14
-14
-15
-14
-14
-14
-14
-14
-14
-14
-14
-14
-14
-14
-14
-14
-14
-14
-14
-14
-14
-14
-14
-14
-14
-14
-14
-14
-14
-14
-14
-14
-14
-14
-13
-14
-13
-13
-14
-13
-13
-13
-13
-13
-13
-13
-13
-13
-13
-13
-13
-13
-13
-13
-13
-13
-13
-13
-13
-13
-13
-13
-13
-13
-13
-13
-13
-13
-13
-13
-13
-13
-13
-13
-13
-13
-13
-13
-13
-13
-13
-13
-13
-13
-13
-12
-13
-12
-12
-12
-12
-12
-12
-12
-12
-12
-12
-12
-12
-12
-12
-12
-12
-12
-12
-12
-12
-12
-12
-12
-12
-12
-12
-12
-12
-12
-12
-12
-12
-12
-12
-12
-12
-12
-12
-12
-12
-12
-12
-12
-12
-12
-12
-12
-12
-12
-12
-12
-12
-11
-11
-11
-11
-11
-11
-11
-11
-11
-13
-11
-11
-11
-11
-11
-11
-11
-11
-11
-11
-11
-11
-11
-11
-11
-11
-11
-11
-11
-11
-11
-11
-11
-11
-11
-11
-11
-11
-11
-11
-11
-11
-11
-11
-11
-11
-11
-11
-11
-11
-13
-11
-11
-11
-11
-10
-10
-10
-10
-10
-10
-10
-10
-10
-10
-10
-10
-10
-10
-10
-10
-10
-10
-10
-10
-10
-10
-10
-10
-10
-10
-10
-10
-10
-10
-10
-10
-10
-10
-10
-10
-10
-10
-10
-10
-10
-10
-10
-10
-10
-10
-10
-10
-10
-10
-10
-10
-10
-10
-10
-10
-10
-10
-10
-9
-9
-9
-9
-9
-10
-9
-9
-9
-9
-9
-9
-9
-9
-9
-9
-9
-9
-9
-9
-9
-9
-9
-9
-9
-9
-9
-9
-9
-9
-9
-9
-9
-9
-9
-9
-9
-9
-9
-9
-9
-9
-9
-9
-9
-9
-8
-9
-8
-8
-8
-8
-8
-8
-8
-8
-8
-8
-8
-8
-8
-8
-8
-8
-8
-8
-8
-8
-8
-8
-8
-8
-8
-8
-8
-8
-8
-8
-8
-8
-8
-8
-8
-8
-8
-8
-8
-7
-7
-7
-7
-7
-9
-7
-7
-7
-7
-7
-7
-7
-7
-7
-7
-7
-7
-7
-7
-7
-7
-7
-7
-7
-7
-7
-7
-7
-7
-7
-7
-7
-7
-7
-7
-7
-7
-9
-7
-7
-7
-7
-7
-7
-7
-7
-7
-7
-7
-7
-7
-7
-7
-7
-7
-7
-7
-7
-7
-6
-6
-6
-6
-6
-6
-6
-6
-6
-6
-6
-6
-6
-6
-6
-6
-6
-6
-6
-6
-6
-6
-6
-6
-6
-6
-6
-6
-6
-6
-6
-6
-6
-6
-6
-6
-6
-6
-6
-6
-6
-6
-5
-6
-5
-5
-5
-5
-5
-6
-5
-5
-5
-5
-5
-5
-5
-5
-5
-5
-5
-5
-5
-5
-5
-5
-5
-5
-5
-5
-5
-5
-5
-5
-5
-5
-5
-5
-5
-5
-5
-5
-5
-5
-5
-5
-5
-5
-5
-5
-5
-5
-5
-5
-5
-5
-4
-5
-4
-5
-4
-4
-4
-4
-4
-4
-4
-4
-4
-4
-4
-4
-4
-4
-4
-4
-4
-4
-4
-4
-4
-4
-4
-4
-4
-4
-4
-4
-4
-4
-4
-4
-4
-4
-4
-4
-4
-3
-3
-3
-3
-3
-4
-3
-3
-3
-3
-3
-3
-3
-3
-3
-3
-3
-3
-3
-3
-3
-3
-3
-3
-3
-3
-3
-3
-3
-3
-3
-3
-3
-3
-3
-3
-3
-3
-3
-3
-3
-3
-3
-3
-3
-2
-3
-2
-2
-2
-2
-2
-2
-2
-2
-2
-2
-4
-2
-2
-2
-2
-2
-2
-2
-2
-2
-2
-2
-2
-2
-2
-2
-2
-2
-2
-2
-2
-2
-2
-2
-2
-2
-2
-2
-2
-2
-2
-2
-2
-2
-2
-2
-2
-2
-1
-1
-1
-1
-2
-1
-1
-1
-1
-1
-1
-1
-1
-1
-1
-2
-1
-1
-1
-1
-1
-1
-1
-1
-1
-1
-1
-1
-1
-1
-1
-1
-1
-1
-1
-1
-1
-1
-1
-1
-1
-1
-1
-1
-1
-1
-1
-1
-1
-1
-1
-1
-1
-1
0
0
0
0
0
0
0
0
0
0
0
0
0
0
0
0
0
0
0
0
0
0
0
0
0
0
0
0
0
0
0
0
0
0
0
0
0
0
0
0
0
0
0
0
0
0
0
0
0
0
0
0
0
-1
0
0
0
0
0
0
0
0
0
0
0
0
0
1
1
1
1
1
1
1
1
1
1
1
1
1
1
1
1
1
1
1
1
1
1
1
1
1
1
1
1
1
1
1
1
1
1
1
1
1
1
1
1
1
1
1
1
1
1
1
1
1
1
1
1
2
2
2
2
2
2
2
2
2
2
2
2
2
2
2
2
1
2
2
2
2
2
2
2
2
2
2
2
2
2
2
2
2
2
2
2
2
2
2
2
2
2
2
2
3
3
3
3
3
3
3
3
3
3
3
3
3
3
3
3
3
3
3
3
3
3
3
3
3
3
3
3
3
3
3
3
3
3
3
3
3
3
4
4
4
4
4
4
4
4
4
4
4
4
4
4
4
4
4
4
4
4
4
4
4
4
4
4
4
4
4
4
4
4
4
4
4
4
3
4
4
4
4
4
4
4
4
4
4
4
4
4
4
4
4
4
4
4
5
5
5
5
5
5
5
5
5
5
5
5
5
5
5
5
5
5
5
5
5
5
5
5
5
5
5
5
5
5
5
5
5
5
5
5
5
5
5
5
5
5
5
5
5
5
5
5
5
5
5
5
5
5
6
6
6
6
6
6
6
6
6
6
6
6
6
6
6
6
6
6
6
6
6
6
6
6
6
6
6
6
6
6
6
6
6
6
6
6
6
6
6
6
6
6
6
6
6
6
6
6
6
6
6
6
6
6
6
6
6
6
7
7
7
7
7
7
7
7
7
7
7
7
7
7
7
7
7
7
7
7
7
7
7
7
7
7
7
7
7
7
7
7
7
7
7
7
7
7
7
7
7
7
7
7
7
7
7
8
8
8
8
8
8
8
8
8
8
8
8
8
8
8
8
8
8
8
8
8
8
5
8
8
8
8
8
8
8
8
8
8
8
8
8
8
8
8
8
8
8
8
8
8
8
8
9
9
9
9
9
9
9
9
9
9
9
9
9
9
9
9
9
9
9
9
9
9
9
9
9
9
9
9
9
9
10
9
10
10
10
10
10
10
10
10
10
10
10
10
9
10
10
10
10
10
10
10
10
10
10
10
10
10
10
10
10
10
10
10
10
10
10
10
10
10
10
10
10
10
10
11
11
11
11
11
11
11
11
11
11
11
11
11
11
11
11
11
11
11
11
11
11
11
11
11
11
11
11
11
11
11
11
11
11
11
11
11
11
11
11
11
11
11
11
11
11
11
11
11
11
12
12
12
12
12
12
12
12
12
12
12
12
12
12
12
12
12
12
12
12
12
12
12
12
12
12
12
12
12
12
12
12
12
12
12
12
12
12
12
12
12
12
11
12
12
12
12
12
12
12
13
13
13
13
13
13
13
13
13
13
13
13
13
13
13
13
13
13
13
13
13
13
13
13
13
13
13
13
13
13
13
13
13
13
13
13
13
13
13
13
13
13
14
14
14
14
14
14
14
14
14
14
14
14
14
14
14
14
14
14
14
14
14
14
14
14
14
14
14
14
14
14
14
14
14
14
14
14
14
14
14
14
14
14
14
14
14
14
14
14
14
14
14
14
14
14
14
14
15
15
15
15
15
15
15
15
15
15
15
15
14
15
15
15
15
15
15
15
15
15
15
15
15
15
15
15
15
15
15
15
15
15
15
15
15
15
15
15
15
15
15
15
15
15
15
15
14
15
15
15
15
15
15
15
15
15
15
15
15
15
15
15
15
15
15
15
15
15
15
16
16
16
16
16
16
16
16
16
16
16
16
16
16
16
16
16
16
16
16
16
16
16
16
16
16
16
16
16
16
16
16
16
16
16
16
16
16
16
16
16
16
16
16
16
16
17
16
17
17
17
17
17
17
17
17
17
17
17
17
17
17
17
17
17
17
17
17
17
17
17
17
17
17
17
17
17
17
17
17
17
17
17
17
17
17
17
17
17
17
17
17
17
17
17
17
18
18
18
18
17
18
18
18
18
18
18
18
18
18
18
18
18
18
18
18
18
18
18
18
18
18
18
18
18
18
18
18
18
18
18
18
18
18
18
18
18
18
18
18
18
18
18
18
18
18
18
18
18
18
18
18
18
18
18
18
18
18
18
19
19
19
18
19
19
19
19
19
19
19
19
19
19
19
19
19
19
19
19
19
19
19
19
19
19
19
19
19
19
19
19
19
19
19
19
19
19
19
19
19
19
19
19
19
19
19
19
19
19
19
19
19
19
19
19
19
19
19
19
20
20
20
20
20
20
20
20
20
20
20
18
20
20
20
20
20
20
20
20
20
20
20
20
20
20
20
20
20
20
20
20
20
20
20
20
20
20
20
20
20
20
20
20
20
20
20
20
20
20
20
21
21
21
21
20
21
21
21
21
21
21
21
21
21
21
15
21
21
21
21
21
21
21
21
21
21
21
21
21
21
21
21
21
21
21
21
21
21
21
21
21
21
21
21
22
21
22
22
21
22
22
22
22
22
22
22
22
22
22
22
22
22
22
22
22
22
22
22
22
22
22
22
22
22
22
22
22
22
22
22
22
22
22
22
22
22
22
22
22
22
22
22
22
22
22
22
22
22
23
23
23
22
23
23
23
23
23
23
23
23
23
23
23
23
23
23
23
23
23
23
23
22
23
23
23
23
23
23
23
23
23
23
23
23
23
23
23
23
23
23
23
23
23
23
24
24
24
24
24
24
24
24
24
24
24
24
24
24
24
24
24
24
24
24
24
24
24
24
24
24
24
24
24
24
24
24
24
24
24
24
24
24
24
24
24
24
24
24
24
24
24
24
24
24
24
25
25
25
25
25
25
25
25
25
25
25
25
25
25
25
25
21
25
25
25
25
25
25
25
25
25
25
25
25
25
25
25
25
25
25
25
25
25
25
25
25
25
25
25
25
25
25
25
25
25
25
25
25
25
25
25
25
25
25
25
26
26
26
26
26
26
26
26
26
26
26
26
26
26
26
26
26
26
26
26
23
26
26
26
26
26
26
26
26
26
26
26
26
26
26
26
26
26
26
26
26
26
26
26
26
26
26
26
27
26
27
27
27
27
27
27
27
27
27
27
27
27
27
27
27
27
27
27
27
27
27
27
27
27
27
27
27
27
27
27
27
27
27
27
27
27
27
27
27
27
27
28
28
28
28
28
28
28
28
28
28
28
28
28
28
28
28
28
28
28
28
28
28
28
28
28
28
28
28
28
28
28
28
28
28
28
28
28
28
28
28
28
28
28
28
28
28
27
28
28
28
28
28
28
28
28
28
28
28
28
28
28
29
29
29
29
29
29
29
29
29
29
29
29
29
29
29
29
29
29
29
29
29
29
29
29
29
29
29
29
29
29
29
29
29
29
29
29
29
29
29
29
29
29
29
29
29
29
29
29
30
29
30
30
30
30
29
30
30
30
30
30
30
30
30
30
30
30
30
30
30
30
30
30
30
30
30
30
30
30
30
30
30
30
30
30
30
30
30
30
30
30
30
30
30
31
31
31
31
31
31
31
31
31
31
31
31
31
31
31
31
31
31
31
31
31
31
31
31
31
31
31
31
31
31
31
31
31
31
31
31
31
31
31
31
31
31
31
31
31
31
31
32
32
32
32
31
32
32
32
32
32
32
32
32
32
32
32
32
32
32
32
32
32
32
32
32
32
32
32
32
32
32
32
32
32
32
32
32
32
32
32
32
32
32
32
32
32
32
32
32
32
32
32
32
32
33
33
33
32
33
33
33
33
33
33
33
33
33
33
33
33
33
33
33
33
33
33
33
33
33
33
33
33
33
33
33
33
33
33
33
33
33
33
33
33
34
34
34
33
34
34
34
34
34
34
34
34
34
34
34
34
34
34
34
34
34
34
34
34
34
34
34
34
34
34
34
34
34
34
34
34
34
34
34
34
34
34
34
34
34
34
34
34
34
34
34
34
34
34
34
35
35
35
35
34
35
35
35
35
35
35
35
34
35
35
35
35
35
35
35
35
35
35
35
35
35
35
35
35
35
35
35
35
35
35
35
35
35
35
35
35
35
35
36
36
35
36
36
36
36
36
36
36
36
36
36
23
36
36
36
36
36
36
36
36
36
36
36
36
36
36
36
36
36
36
36
36
36
36
36
36
36
36
36
36
36
36
36
36
36
36
37
37
36
37
37
37
37
37
37
37
37
37
37
37
37
37
37
37
37
37
37
37
37
37
37
37
37
37
37
37
37
37
37
37
37
37
37
37
37
37
37
37
37
37
38
37
38
38
38
38
38
38
37
38
38
38
38
38
38
38
38
38
38
38
38
38
38
38
38
38
38
38
38
38
38
38
38
38
38
38
39
38
39
39
38
39
39
39
39
39
39
39
39
39
39
39
39
39
39
39
39
39
39
39
39
39
39
39
39
39
39
39
39
39
39
39
39
39
39
39
39
39
39
39
39
39
39
39
39
39
39
39
40
40
38
40
40
40
40
40
40
40
40
40
40
40
40
40
38
40
40
40
40
40
40
40
40
40
40
40
40
40
40
40
40
40
40
40
40
40
40
40
40
40
40
40
40
40
40
40
40
40
40
41
41
41
41
41
41
41
41
41
41
41
41
41
41
41
41
41
41
41
41
41
41
41
41
41
41
41
41
41
41
41
41
41
41
41
41
41
41
41
41
41
41
41
41
41
41
41
41
41
41
41
41
42
40
42
42
42
42
42
42
42
42
42
42
42
42
42
42
42
42
42
42
42
42
42
42
42
42
42
42
42
42
42
42
42
42
42
42
42
42
42
42
42
42
42
42
42
42
42
42
42
42
42
42
42
42
42
43
43
43
43
43
43
43
43
43
43
43
43
43
43
43
43
43
40
43
43
43
43
43
43
43
43
43
43
43
43
43
43
43
43
43
43
43
43
43
43
43
43
43
44
43
44
44
44
43
44
44
44
44
44
44
44
44
44
44
44
43
44
44
44
44
44
44
44
44
44
44
44
44
44
44
44
44
44
44
44
44
44
44
44
45
44
45
45
45
45
45
45
45
45
45
45
45
45
45
45
45
45
45
45
45
45
45
45
45
45
45
45
45
45
45
44
45
45
45
45
45
45
45
45
45
45
45
45
45
45
45
45
45
45
45
45
45
46
46
45
46
46
45
46
46
46
46
46
46
46
46
46
46
46
46
46
46
46
46
46
46
45
46
46
46
46
46
46
46
46
46
46
46
46
46
46
46
46
46
46
46
47
47
47
47
47
47
47
47
47
47
47
47
47
47
47
47
47
47
47
47
47
47
47
47
47
47
47
47
47
47
47
47
47
47
47
47
47
48
48
48
48
21
48
48
48
48
48
48
48
48
48
48
48
48
48
48
48
48
48
48
48
48
48
48
48
48
48
48
48
48
48
48
48
48
48
48
48
48
48
48
48
48
48
48
48
49
49
49
49
49
49
49
49
49
49
49
49
49
49
49
49
49
49
49
49
49
49
49
49
49
49
49
49
49
49
49
49
49
49
49
49
49
49
49
49
49
49
49
49
49
49
49
49
49
49
49
50
50
49
50
50
50
50
50
50
50
50
50
50
50
50
50
50
50
50
50
50
50
50
50
50
50
50
50
50
50
50
50
50
50
50
50
50
50
50
50
50
50
50
50
50
50
50
50
50
50
50
50
50
50
50
50
50
50
50
50
50
50
7
10000
50014
50016
50022
50032
50044
50051
50057
50067
50045
50094
50068
50097
50130
50146
50149
50164
50171
50209
50220
50187
50250
50224
50251
50280
50279
50285
50255
50293
50297
50322
50321
50342
50381
50390
50381
50411
50414
50453
50277
50486
50490
50493
50295
50494
50495
50504
50522
50532
50534
50530
50549
50519
50553
50493
50568
50569
50381
50581
50617
50642
50665
50658
50670
50681
50720
50672
50733
50742
50724
50747
50749
50755
50743
50758
50777
50813
50813
50739
50818
50819
50820
50826
50824
50826
50860
50902
50923
50925
50930
50947
50971
51020
51069
51080
50856
51099
51108
50969
51110
51130
51134
51149
50947
51155
51157
51161
51170
50320
51180
51173
51195
51216
51201
51241
51222
51248
51282
51301
51218
51377
51375
51432
51435
51439
51451
51429
51472
51514
51524
51525
51545
51406
51553
51560
51569
51592
51585
51599
51619
51684
51685
51723
51732
51743
51617
51746
51748
51604
51756
51790
51847
51802
51878
51880
51855
51885
51915
51832
51921
51951
51930
51969
51975
51979
51642
51988
51989
52009
52012
52021
52015
52033
52046
52037
52048
52063
52073
52073
52087
52055
52106
52109
52129
52151
52134
52163
52151
52164
52110
52165
52190
52194
52200
52016
52212
52215
52221
52226
52250
52266
52253
52278
52291
52292
52304
52222
52332
52334
52340
52335
52356
52359
52364
52375
52400
52403
52382
52407
52403
52421
52333
52438
52449
52343
52460
52466
52467
52473
52472
52489
52478
52492
52501
52548
52552
52558
52567
52570
52602
52634
52638
52658
52666
52699
52701
52716
52697
52719
52738
52747
52760
52763
52780
52780
52774
52781
52788
52799
52816
52826
52828
52830
52792
52841
52842
52682
52848
52851
52769
52856
52852
52916
52929
52946
52875
52979
52918
52990
53031
53041
53050
53042
53139
53145
53147
53133
53151
53180
52958
53195
53227
53237
53265
53274
53283
53320
53324
53219
53339
53341
53349
53366
53378
53365
53392
53410
53414
53403
53415
53422
53429
53430
53369
53436
53187
53446
53454
53477
53480
53491
53498
53501
53454
53515
53517
53566
53469
53575
53600
53604
53576
53622
53616
53646
53648
53622
53683
53667
53686
53600
53699
53722
53719
53726
53726
53727
53727
53731
53732
53639
53766
53761
53769
53776
53796
53799
53800
53729
53813
53831
53837
53860
53907
53840
53911
53908
53924
53927
53961
53963
53889
53968
51917
53985
53988
53997
54009
54009
54012
54017
54006
54029
54019
54042
54031
54042
54044
54045
54054
54063
54056
54065
54050
54072
54073
54124
54106
54136
54130
54155
54143
54163
54178
54198
54218
54223
54226
54224
54277
54271
54313
54313
54228
54313
54313
54327
54329
54329
54352
54373
54409
54415
54450
54462
54451
54467
54430
54470
54436
54473
54487
54454
54515
54530
54558
54592
54608
54633
54534
54642
54644
54650
54673
54723
54712
54734
54735
54756
54683
54759
54765
54768
54621
54775
54739
54779
54780
54792
54796
52892
54801
54805
54823
54835
54829
54860
54888
54890
54895
54812
54918
54922
54938
54957
54953
54957
55011
55050
55023
55068
55071
55077
55079
55084
55089
55110
55125
55160
55091
55168
55187
55190
55194
55198
55201
55188
55211
55249
55241
55249
55252
55266
55273
55272
55285
55301
55302
55281
55308
55191
55324
55331
55343
55347
55355
55349
55363
55370
55381
55366
55382
55391
55405
55424
55427
55448
55454
55314
55465
55496
55507
55533
55556
55559
55565
55568
55587
55509
55601
55608
55617
55631
55669
55645
55688
55722
55722
55659
55724
55748
55763
55789
55776
55791
55771
55798
55822
55831
55833
55857
55851
55860
55885
55903
55909
55913
55914
55473
55920
55936
55965
55972
55983
55947
55984
56001
56009
56018
55859
56031
56047
56050
56032
56055
56062
56078
56081
56082
56091
56102
56087
56110
56113
56125
56129
56105
56147
56145
56159
56165
56173
56180
56188
56201
56208
56209
56210
56217
56200
56232
56245
56265
56280
56281
56291
56299
56308
56294
56367
56377
56409
56425
56440
56470
56408
56470
56481
56486
56509
56567
56592
56559
56607
56582
56646
56656
56575
56660
56709
56709
56711
56380
56718
56749
56298
56756
56344
56757
56777
56785
56798
55435
56813
56824
56838
56843
56893
56898
56902
56852
56906
56930
56926
56934
56947
56913
56968
56947
56991
57021
57018
57022
57030
57040
57013
57041
57041
57090
57094
57118
57072
57120
57126
57168
57148
57172
57188
57174
57193
57232
57235
57125
57259
57261
56960
57262
57265
57269
57267
57285
57291
57316
57336
57312
57343
57324
57363
57377
57381
57371
57384
57389
57393
57398
57429
57377
57450
57489
57495
57435
57511
57523
57526
57533
57530
57554
57558
57478
57600
57633
57635
57635
57643
57689
57702
57721
57705
57753
57771
57781
57789
57796
57764
57823
57831
57824
57855
57857
57858
57875
57891
57867
57897
57925
57937
57952
57964
57965
57555
57977
57995
57995
57998
58004
58012
58015
57984
58041
57981
58043
58063
58065
58067
58077
58078
58089
58111
57326
58134
58149
58162
58201
58221
58242
58251
58267
58282
58304
58217
58321
58331
58159
58336
54101
58364
58365
58388
58351
58409
58424
58434
58440
58408
58450
58452
58468
58497
58462
58521
58521
58486
58536
58537
58509
58538
58567
58552
58567
58570
58578
58579
58607
58591
58611
58614
58591
58622
58629
58635
58633
58654
58662
58680
58681
58683
58689
58693
58695
58695
58699
58700
58649
58702
58729
58718
58734
58721
58746
58741
58746
58758
58760
58790
58765
58806
58831
58792
58835
58838
58854
58894
58703
58912
58914
58936
58938
58938
58947
58950
58983
58997
58968
58999
59003
59029
59030
59040
59046
59062
59079
59098
59124
59099
59124
59131
59171
59172
59175
59086
59179
59181
59185
59187
59188
59211
59193
59232
59206
59233
59248
59261
59242
59273
59273
59308
59287
59326
59324
59327
59340
59342
59373
59371
59399
59376
59408
59392
59417
59419
59428
59438
59444
59465
59472
59465
59472
59480
59452
59484
59487
59500
59507
59523
59525
59526
59277
59553
59556
59557
59588
59592
59605
59608
59642
59578
59642
59655
59655
59656
59666
59670
59672
59697
59703
59713
59695
59719
59722
59727
59738
59744
59750
59741
59774
59775
59762
59783
59795
59800
59748
59801
59806
59827
59817
59828
59829
59831
59847
59849
59888
59895
59895
59931
59929
59946
60004
60008
60032
59937
60048
59929
60048
60050
59908
60082
60088
60085
60088
60119
60115
60127
60094
60128
60134
60163
60166
60140
60168
60119
60173
60183
59030
60215
60226
60231
60238
60256
60249
60280
60283
60297
60302
60304
60305
60318
60376
60320
60386
60398
60410
60419
60298
60431
60440
60424
60445
60464
60289
60469
60518
60529
60541
60556
60567
60568
60579
60500
60582
60518
60585
60585
60605
60613
60588
60624
60605
60626
60669
60636
60677
60679
60708
60711
60711
60700
60723
60727
60733
60776
60747
60776
60817
60827
60654
60829
60849
60840
60910
60935
60926
60941
60960
60920
60970
60982
60991
61046
61034
61050
61025
61051
61058
61058
61064
61057
61074
61078
60972
61112
61173
61138
61174
61176
61181
61184
61211
61189
61253
61254
61261
61315
61331
61356
61345
61375
61154
61405
61365
61408
61411
61421
61425
61455
61457
61242
61460
61463
61478
61478
61479
61481
61484
61498
61494
61506
61521
61519
61524
61576
61574
61585
61541
61606
61614
61660
61532
61677
61680
61587
61696
61700
61696
61703
61703
61705
61708
61730
61734
61554
61738
61768
61766
61776
61749
61797
61803
61806
61831
61848
61854
61868
61879
61884
61895
61924
61946
61938
61961
61954
61976
62014
62019
62017
62021
61854
62027
62052
62058
62063
62047
62073
62078
62083
62086
62078
62108
62120
62106
62121
62103
62131
62166
62166
62182
62247
62129
62255
62259
62280
62289
62089
62300
62297
62318
62364
62389
62372
62398
62400
62295
62404
62331
62405
62405
62414
62465
62421
62468
62472
62484
62484
62478
62489
62494
62504
62509
62524
62501
62541
62543
62550
62551
62554
62553
62561
62570
62573
62573
62578
62597
62588
62617
62630
62605
62656
62654
62663
62686
62670
62705
62725
62734
62690
62738
62611
62775
62836
62818
62844
62871
62869
62874
62879
62888
60432
62890
62906
62908
60741
62916
62928
62954
62962
62975
62979
62980
63004
63005
62987
63007
63011
63012
63023
63048
63048
63066
63000
63072
63077
63078
63078
63089
63100
63101
63088
63106
63109
62967
63115
63153
63171
63164
63199
63225
63177
63233
63224
63239
63252
63279
63267
63297
63303
63308
63299
63320
63236
63324
63337
63361
63369
63363
63370
63342
63373
63412
63390
63413
63424
63440
63121
63473
63468
63489
63448
63489
63498
63491
63524
63543
63522
63554
63556
63593
63623
63596
63635
63642
63643
63648
63657
63618
63659
63672
63673
63718
63677
63731
63786
63790
63724
63792
63798
63690
63812
63668
63815
63821
63827
63834
63851
63857
63865
63828
63877
63882
63895
63889
63902
63924
63929
63930
63915
63933
63931
63938
63962
63967
63911
63974
63981
64028
64037
64063
64064
64079
64041
64090
64091
64107
64090
64137
64189
64097
64190
64076
64216
64256
64263
64194
64266
64302
64306
64317
64299
64330
64346
64361
64325
64368
64368
64309
64387
64394
64394
64410
64420
64270
64424
64429
64438
64431
64465
64454
64468
64442
64505
64266
64507
64510
64277
64524
64533
64551
64556
64554
64564
64577
64581
64590
64594
64590
64605
64623
64581
64632
64581
64645
64663
64674
64648
64678
64693
64707
64747
64749
64710
64763
64765
64751
64768
64779
64675
64793
64800
64805
64815
64833
64841
64870
64874
64875
64897
64901
64934
64933
64963
64982
64993
64995
65023
65031
65046
65038
65055
65034
65058
65069
65082
65106
65118
65123
65124
65020
65132
65132
65133
64206
65139
65145
65146
65151
65189
65213
65205
65227
65239
65207
65248
65248
65249
64151
65272
65280
65295
65287
65298
65301
65302
65321
65370
65350
65383
65409
65408
65413
65359
65415
65463
65464
65493
65485
65513
65515
65524
65528
65517
65556
65565
65569
65397
65635
65572
65651
65648
65694
65697
65710
65691
65713
65724
65732
65721
65756
65757
65738
65777
65793
65716
65820
65823
65831
65840
65842
65673
65856
65875
65882
65894
65907
65908
65910
65916
65917
65935
63700
65941
65958
65951
65960
65970
65983
65984
65988
65990
65956
66015
66025
66043
66043
66063
66066
65994
66093
66085
66097
66097
66108
66103
66108
66118
66114
66126
66128
66149
66157
66141
66165
66172
66214
66195
66219
66232
66239
65960
66240
66265
66262
66269
66294
66333
66342
66287
66362
66377
66305
66382
66390
66420
66410
66421
66422
66393
66429
66461
66438
66484
66430
66490
66500
66495
66526
66526
66509
66553
66558
66536
66574
66585
66568
66586
66571
66659
66610
66667
66680
66617
66722
66722
66632
66763
66766
66774
66792
66810
66811
66824
66840
66847
66851
66830
66852
66810
66860
66872
66876
66892
66928
66893
66983
66908
66988
66958
66993
66874
66998
67008
66908
67009
67011
67013
67053
67056
66938
67070
67073
67125
67132
67107
67132
67154
67170
67195
67202
67215
67219
67227
67260
67266
67236
67272
65722
67279
67300
67302
67295
67318
67350
67360
67374
67386
67334
67396
67422
67418
67428
67430
67431
67460
67460
67415
67460
67472
67504
67509
67525
67518
67537
67479
67540
67583
67551
67586
67591
67592
67597
67609
67617
67621
67323
67625
67622
67658
67666
67667
67680
67702
67711
67756
67692
67787
67660
67794
67868
67895
67870
67896
67892
67915
67946
67953
67936
67979
67980
67985
67998
68056
67851
68060
68066
68140
68117
68156
68182
68183
68185
68079
68227
68225
68232
68234
68254
68269
68198
68280
68197
68282
68287
68292
68149
68300
68305
68312
68346
68358
68326
68359
68371
68367
68375
68389
68425
68398
68447
68460
68463
68454
68474
68163
68481
68486
68492
68497
68584
68525
68603
68607
68615
68617
68639
68600
68640
68647
68647
68685
68688
68670
68704
68717
68715
68723
68707
68729
68708
68741
68724
68751
68753
67216
68781
68804
67587
68805
68852
68824
68864
68871
68858
68871
68880
68904
68892
68912
68923
68885
68955
68955
68901
68958
68967
68967
68816
68971
69055
69073
69088
69009
69095
69081
69113
69120
69128
69145
69144
69157
68881
69160
69161
69166
69166
69180
69181
69216
69216
69227
69240
69244
69259
69176
69263
69264
69274
69185
69278
69286
69290
69294
69218
69300
69309
69326
69341
69331
69345
69350
69403
69465
69466
69470
69508
69442
69511
69520
69522
69533
69553
69199
69568
69574
69619
69621
69627
69607
69628
69663
69673
69675
69658
69676
69682
69683
69675
69705
69707
69717
69723
69720
69745
69749
69751
69771
69782
69791
69796
69807
69817
69756
69819
69824
69763
69837
69858
69874
69916
69918
69927
69931
69946
69949
69954
69985
69976
69996
70004
70007
70010
70037
69983
70044
70049
70069
70071
70075
70093
70099
68961
70106
70110
70137
70135
70158
70187
70213
70153
70216
70226
70232
70249
70249
70240
70256
70281
70287
70277
70301
70319
70319
70339
70384
70387
70321
70391
70392
70357
70407
70414
70434
70250
70462
70468
70446
70470
70292
70483
70491
70407
70499
70509
70515
70526
70526
70548
70551
70571
70574
70669
70667
70670
70680
70692
70706
70694
70707
70720
70726
70627
70747
70758
70763
70778
70807
70680
70816
70818
70823
70826
70836
70823
70840
70854
70867
70872
70863
70880
70919
70949
70950
70972
70985
71011
71062
71098
71103
71107
71119
71147
71173
71177
71143
71182
71197
71231
71258
71237
71270
71273
71251
71280
71289
71298
71301
71309
71314
71319
71326
71337
71375
71381
71388
71381
71403
71424
71434
71447
71459
71469
70608
71477
71478
71478
71487
71488
71477
71514
71532
71535
71557
71563
71514
71580
71605
71624
71638
71644
71606
71649
71546
71651
71653
70295
71666
71684
71697
71678
71705
71713
71718
71706
71726
71756
71785
71760
71788
71808
71794
71819
71795
71830
71855
71855
71858
71876
71898
71911
71917
71870
71918
72016
72079
72069
72092
72096
72132
72098
72136
72098
72147
72165
72189
71916
72194
72209
72209
72213
72217
72225
72235
72038
72235
72235
72287
72295
72258
72337
72382
72390
72335
72408
72240
72416
72441
72475
72483
72504
72511
72432
72558
72576
72577
72583
72553
72587
72556
72599
72600
72656
72672
72613
72697
72591
72713
72722
72732
72735
72742
72745
71830
72751
72758
72768
72770
72774
72782
72782
72799
72801
72806
72811
72834
72851
72852
72921
72925
72942
72952
72944
72967
72928
72998
72936
73015
73018
73023
73041
73043
73054
73071
73073
73067
73078
73073
73090
73093
73097
73102
73126
73101
73155
73166
73174
73182
73184
73189
72932
73194
73207
73213
73217
73150
73221
73283
73292
73296
73274
73296
73304
73309
73323
73331
73332
73334
73335
73326
73347
73355
73359
73364
73356
73369
73370
73374
73382
73420
73387
73427
73436
73382
73437
73442
73403
73449
73506
73507
73524
73533
73550
72888
73565
73016
73567
73575
73583
73614
73594
73619
73594
73644
73593
73661
73662
73677
73687
73702
73693
73704
73708
73720
73711
73744
73750
73755
73759
73767
73780
73808
73809
73838
73846
73800
73860
73868
73844
73898
73903
73932
73934
73918
73936
73943
73944
73935
73949
73616
73954
70354
73955
73959
73971
73978
74020
74016
74027
74022
74070
74086
74027
74092
74099
74103
74140
74078
74141
74167
74171
74185
74189
74222
74197
74235
74248
74254
74234
74268
74297
74320
74159
74339
74340
74350
74368
74374
74379
74364
74385
74390
74427
74458
74470
74420
74481
74516
74360
74518
74534
74537
74543
74529
74554
74545
74568
74573
74576
74526
74603
74609
74619
74624
74540
74641
74655
74454
74656
74668
74672
74659
74675
74682
74686
74692
74667
74694
74716
74730
74750
74755
74765
73977
74770
74773
74784
74786
74788
74799
74813
74816
74817
74409
74818
74818
74736
74828
74838
74860
74271
74870
74870
74945
74897
74952
74926
74956
74960
74976
74964
74976
74980
74982
74986
74997
75034
75035
74906
75046
75053
75066
75110
75084
75111
75119
75107
75132
75136
75143
75144
75146
75147
74951
75151
75168
75146
75168
75179
75227
75181
75236
75187
75238
75254
75232
75256
75280
75280
75291
75295
75305
75309
75310
75313
75287
75319
75324
75331
75317
75343
75326
75351
75352
75357
75383
75420
75369
75431
75454
75468
75456
75475
75467
75495
75500
75456
75506
75509
75531
75535
75539
75541
75542
75561
71060
75579
75593
75601
75605
75633
75595
75654
75662
75640
75670
75692
75664
75693
75680
75693
75703
75728
75705
75734
75747
75750
75758
75674
75769
75814
75818
75748
75819
75842
75825
75843
75843
75856
75864
75866
75856
75867
75874
75899
75910
75791
75911
75968
75961
75984
75986
75990
76006
76057
76076
76089
76108
76091
76116
76095
76120
76110
76121
76122
76139
76165
76163
76168
76176
76188
76229
76232
76223
76259
76272
76209
76274
76276
75939
76280
76285
76287
76328
76345
76363
76373
76314
76477
76456
76484
76492
76490
76494
76524
76539
76358
76543
76554
76562
76587
76593
76599
76622
76644
76622
76655
76616
76657
76619
76661
76665
76667
76674
76693
76716
76757
76773
76756
76774
76721
76790
76827
76155
76836
76852
76854
76854
76863
76861
76874
76884
76886
76891
76898
76919
76928
76968
76939
76977
76991
76985
77041
77045
76946
77058
77063
77080
77060
77086
77087
77082
77092
76926
77132
77122
77147
77147
77158
77134
77169
77154
77173
77202
77219
77224
77236
77196
77243
77297
77307
77275
77308
77166
77312
77312
77337
77340
77340
77346
77394
77318
77396
77412
77402
77422
77439
77448
77470
77473
77484
77507
77510
77522
77524
77527
77533
77548
77554
77555
77567
77634
77636
77563
77637
77647
77639
77647
77704
77650
77714
77597
77716
77747
77752
77763
77768
77769
77689
77770
77775
77786
77787
77793
77795
77768
77814
77829
77810
77842
77857
77859
77871
77893
77895
77895
77904
77911
77923
77906
77938
77951
77952
77981
77959
77985
77996
77995
77998
78000
78015
77997
78025
78055
78070
78071
78073
78080
78090
78092
78048
78131
78134
78135
78048
78141
78147
78134
78196
78197
78212
78202
78228
78243
78253
78263
78268
78269
78273
78263
78274
78271
78301
78307
78244
78326
78347
78333
78349
78365
78355
78391
78396
78378
78412
78435
78448
78423
78472
78474
78480
78380
78482
78425
78486
78523
78533
78555
78557
78558
78558
78563
78568
78569
78540
78572
78270
78578
78592
78618
78609
78646
78644
78647
78653
78583
78691
78703
78723
78692
78749
78677
78768
78780
78778
78783
78800
78806
78814
78832
78819
78834
78838
78845
78856
78881
78884
78886
78870
78901
78920
78924
78876
78926
78934
78949
77949
78951
78951
78987
78981
78995
79001
79005
78987
79006
78960
79023
79082
79087
79067
79092
79125
79021
79134
79151
79158
79173
79251
79272
79262
79274
79282
79191
79285
79294
79314
79222
79321
79325
79184
79328
79355
79342
79358
79361
79370
79360
79392
75781
79396
79409
79401
79432
79436
79449
79429
79480
79486
79538
79519
79539
79568
79568
79569
79569
79563
79583
79504
79617
79617
79620
79621
79449
79627
79634
79637
79645
79635
79656
79678
79678
79699
79656
79700
79723
79706
79742
79782
79791
79772
79814
79769
79822
79827
79845
79846
79864
79889
79784
79892
79929
79937
79973
79897
79979
79924
80013
79922
80023
79910
80029
80032
80033
80033
80040
79793
80049
80050
80058
80085
80100
80105
80117
80120
80125
80116
80125
80135
80075
80154
80155
79810
80173
80197
80181
80209
80220
80221
80228
80257
80254
80270
80275
80283
80287
80214
80297
80330
80304
80331
80332
80345
80347
80356
80359
80366
80383
80367
80401
80403
80409
80445
80480
80474
80480
80426
80495
80505
80511
80392
80514
80522
80556
80372
80561
80583
80589
79964
80592
80598
80604
80606
80608
80593
80613
80620
80635
80656
80650
80676
80690
80685
80700
80671
80705
80708
80721
80728
80718
80737
80002
80751
80757
80755
80781
80759
80782
80784
80793
80804
80796
80811
80812
80827
80863
80854
80869
80896
80902
80840
80929
80925
80936
80940
80966
80996
81027
80965
81028
81051
81065
81126
81135
81141
81163
81180
81138
81188
81127
81206
81244
81267
81275
81276
81278
81282
81289
81292
81297
81084
81307
81312
81314
81333
81336
81358
81372
81389
81396
81330
81405
81408
81409
81072
81411
81428
81453
81470
81525
81549
81442
81562
81444
81571
81603
81589
81619
81590
81649
81674
81710
53668
81715
81717
81797
81734
81798
81728
81803
81745
81831
81838
81847
81845
81860
81875
81878
81885
81886
81901
81937
81940
81945
81855
81953
81970
81975
81978
81968
81986
82022
81980
82036
82087
82091
82094
82111
82040
82122
82123
82127
82145
82146
82161
82219
82200
82232
82231
82255
82256
82186
82256
82272
82268
82282
82293
82267
82299
82308
82312
82327
82157
82329
82338
82341
82344
82350
82370
82374
82353
82377
82386
82382
82388
82416
82445
82463
82221
82477
82489
82493
82503
82535
82544
82523
82568
82560
82575
82585
82598
82662
82609
82670
82674
82695
82698
82695
82710
82720
82721
82706
82736
82745
82723
82748
82754
82759
82768
82775
82780
82733
82785
82786
82811
82832
82840
82842
82871
82891
82897
82905
82910
82945
82762
82948
82990
82967
83016
83028
83029
83006
83034
83035
82560
83055
83078
83106
83111
83124
83117
83137
83093
83144
83157
83153
83159
83060
83161
83167
83180
83190
83121
83190
83194
83195
83226
83254
83279
83272
83308
83321
83323
83333
83351
83356
83298
83360
83364
83372
83382
83399
83386
83414
83437
83371
83440
83444
83451
83521
83525
83525
83528
83537
83440
83548
82466
83556
83557
83560
82667
83582
83592
83598
83602
83617
83636
83594
83640
83642
83655
83643
83660
83663
83668
83088
83683
83696
83701
83706
83712
83722
83729
83750
83728
83754
83777
83779
83780
83783
83775
83833
83838
83843
83857
83860
83860
83829
83898
83883
83916
83919
83936
83940
83926
83943
83429
83953
83971
83997
84005
83972
84011
84046
84050
84050
84114
84122
84083
84134
84141
84142
84149
84051
84195
84198
84221
84211
84252
84294
84267
84298
84298
84287
84305
84308
84306
84314
84203
84336
84343
84138
84368
84391
84387
84402
84414
84434
84442
84443
84432
84446
84457
84459
84469
84494
84500
84520
84525
84529
84529
84531
84531
84578
84621
84631
84667
84675
84584
84709
84623
84711
84721
84723
84742
84747
84761
84762
84581
84765
84777
84784
84799
84803
83449
84817
84852
84870
84893
84909
84830
84950
84910
84981
84984
84984
84993
85015
85020
85046
85010
85064
85065
84996
85124
85174
85178
85153
85195
85215
85199
85221
85227
85230
85291
85294
85310
85312
85224
85331
85337
85343
85373
85357
85373
85376
85394
85390
85409
85351
85410
85260
85438
85420
85466
85520
85539
85430
85542
85413
85564
85423
85590
85612
85613
85459
85619
85624
85621
85632
85636
85642
85651
85652
85664
85667
85670
85651
85672
85691
85678
85693
85712
85714
85719
85722
85725
85741
85728
85748
85692
85754
85766
85777
85793
85804
85822
85857
85847
85865
85873
85886
85874
85896
85899
85891
85917
85918
85921
85922
85630
85934
85946
85938
85961
85980
85943
85994
86001
85991
86009
86049
86027
86063
86128
86134
86167
86150
86174
86060
86182
86189
86206
86215
86255
86300
86265
86308
86308
86317
86353
86375
86378
86250
86391
86180
86397
86404
86428
86452
86455
86458
86480
86491
86498
86498
86502
86496
86503
86503
86517
86322
86524
86529
86545
86571
86582
86580
86586
86588
86590
86596
86605
86620
86632
86633
86650
86639
86653
86673
86623
86675
86687
86701
86686
86710
86729
86716
86742
86810
86807
86816
86840
86721
86847
86853
86871
86633
86909
86913
86964
86975
86972
86978
86980
87009
87021
85785
87027
87030
87033
87080
87081
87086
87083
87086
87100
87123
87116
87127
87088
87143
87148
87148
87155
87155
87171
87160
87204
87204
87173
87208
87073
87216
87235
87239
87257
87271
87252
87280
87283
87305
87255
87322
87336
87330
87340
87349
87379
87386
87393
87347
87408
87371
87409
87423
87432
87443
87452
87420
87454
87462
87467
87245
87470
87493
87506
87475
87518
87527
86449
87547
87561
87578
87582
87587
87588
87592
87605
87622
87625
87632
87580
87645
87710
87729
87717
87736
87739
87758
87761
87815
87816
87817
87825
87450
87825
87854
87857
87870
87887
87847
87905
87910
87921
87984
87984
87984
88014
88017
87926
88018
88048
88073
88090
88100
88114
88128
88130
88136
88142
88147
88152
87900
88159
88161
88166
88190
88164
88207
88231
88237
88301
88327
88341
88366
88202
88368
88402
88349
88409
88432
88449
88435
88469
88472
88475
88281
88476
88482
88283
88491
88506
88512
88512
88514
88517
88534
88523
88564
88538
88602
88569
88610
88612
88617
88623
88504
88628
88625
88656
88628
88764
88707
88777
88713
88785
88633
88789
88786
88793
88654
88825
88826
88722
88846
88863
88872
88875
88885
88894
88866
88898
88901
88799
88905
88916
88921
88923
88931
89002
89008
88974
89013
88993
89026
89028
89028
89029
89004
89048
89055
89070
88889
89099
89103
89125
89121
89126
89147
89150
89131
89151
89131
89177
89165
89178
89187
89232
89206
89263
89282
89302
89361
89373
89383
89245
89393
89407
89303
89407
89417
89404
89438
89454
89454
89138
89464
89466
89474
89465
89485
89496
89228
89501
89521
89522
89533
89538
89378
89539
89571
89558
89574
89557
89589
89610
89633
89613
89665
89695
89701
89713
89718
89642
89745
89760
89604
89762
89783
89801
89822
89832
89844
89845
89780
89848
89861
89878
89900
89906
89882
89913
89951
89958
89963
89976
89979
89965
89979
89999
89985
90001
90020
90019
90023
90024
90032
90034
90055
90069
90079
90073
90085
90100
90123
90137
90151
90164
90155
90169
90110
90169
90204
90225
90207
90236
90239
90186
90257
90259
90272
89706
90274
90296
90303
90314
90325
90365
90370
90372
90373
90333
90384
90389
90413
90427
90427
90418
90430
90432
90464
90463
90465
90465
89226
90474
90479
90479
90486
90493
90506
90494
90512
90500
90521
90528
90548
90565
90571
90569
90589
90527
90590
90597
90607
90619
90629
90621
90635
90508
90656
90673
90689
90685
90720
90755
90754
90790
90799
90800
90808
90809
90814
90839
90851
90856
90729
90891
90906
90965
90920
90980
90957
90986
90959
90998
91011
91033
91040
91052
91079
91087
91087
91093
91097
90463
91108
91108
91129
91134
91172
91177
91174
91179
91182
91209
91218
91219
91228
91233
91122
91243
91245
91245
91259
91299
91300
91307
91093
91339
91340
91361
91361
91372
91355
91400
91404
91425
91424
91448
91465
91474
91485
91485
91499
91521
91451
91531
91383
91532
91543
91604
91607
91613
91623
91650
91629
91675
85328
91679
91680
91733
91725
91740
91746
91757
91759
91739
91776
91777
91768
91781
91803
91778
91816
91838
91831
91859
91813
91883
91906
91906
91935
91917
91938
91816
91948
91962
91974
91996
92002
91982
92005
92024
92041
92052
91943
92063
92082
92082
92083
92069
92102
92109
92122
92031
92127
92132
92146
92170
92170
92189
92203
92171
92211
91840
92231
92240
92248
92258
92282
92277
92282
92291
92298
92327
92286
92345
92346
92355
92389
92373
92390
92408
92422
92284
92434
92434
92384
92436
92448
92296
92459
92479
92490
92512
92516
92555
92533
92576
92579
92603
92617
92630
92654
92654
92671
92683
92486
92704
92706
92709
92712
92732
92804
92804
92831
92873
92832
92913
92916
92932
92929
92949
92958
92971
92967
92985
92987
92907
92988
93001
93001
93026
93041
92867
93044
93064
93103
93105
93105
92586
93116
93131
93161
93165
93179
93180
93186
93188
93199
93129
93207
93219
93219
93230
93219
93237
93248
93250
93254
93213
93269
93270
93271
93288
93288
93270
93293
93348
93325
93354
93362
92855
93367
93397
93394
93406
93427
93428
93370
93431
93427
93466
93503
93513
93390
93523
93554
93555
93525
93556
93539
93562
93567
93569
93570
93584
93620
93644
93645
93646
93652
93659
93591
93675
93663
93687
93628
93696
93702
93643
93709
93183
93713
93717
93726
93731
93724
93759
93749
93759
93741
93788
93717
93796
93798
93629
93800
93818
93813
93820
93834
93032
93866
93866
93872
93888
93891
93907
93897
93910
93920
93922
93926
93946
93936
93949
93953
93969
93971
93982
93984
94000
93935
94010
94021
94045
94059
94066
94073
93936
94078
94093
94095
94101
93886
94110
94111
94118
94147
94129
94161
94137
94163
94165
94164
94177
94124
94183
94190
94198
94199
94225
94238
94254
94258
94226
94292
94319
94307
94346
94333
94367
94362
94370
94211
94379
94380
94400
94410
94428
94409
94430
94461
94463
94469
94490
94488
94502
94508
94507
94536
94539
94521
94545
94550
94467
94554
94555
94565
94580
94592
94574
94603
94606
94611
94588
94645
94647
94619
94651
94586
94661
94662
94675
94692
94693
94694
94688
94700
91789
94709
94714
94731
94737
94768
94777
94798
94812
94759
94839
94866
94844
94871
94931
94938
94892
94941
94947
94960
94964
94966
94967
95025
94990
95029
95061
95050
95078
95038
95086
95115
95109
95119
95161
95153
95173
95121
95174
95184
95224
95242
95272
95292
95289
95372
95377
95367
95381
95327
95391
95424
94989
95434
95435
95457
95461
95452
95477
95470
95482
95531
95532
95485
95555
95561
95567
95536
95575
95575
95378
95576
95583
95587
95595
95585
95615
95639
95608
95640
95650
95666
95671
95674
95695
95761
95755
95761
95776
95785
95804
95817
95824
95825
95794
95866
95876
95879
95887
95887
95873
95890
95892
95902
95736
95910
95912
95931
95911
95934
95971
95950
96013
96015
95991
96027
96031
96042
95940
96051
95725
96057
96057
96078
96090
96095
96102
96113
96115
95990
96146
96170
96191
96162
96198
96203
96222
96159
96223
96223
96229
96177
96254
96258
96259
96268
96286
96288
96290
96309
96350
96354
96158
96356
96356
96366
96372
96403
96405
96165
96411
96439
96488
96497
96500
96511
96538
96489
96539
96544
96545
96542
96548
96561
96578
96571
96632
96662
96642
96673
96646
96696
96641
96726
96727
96730
96738
96726
96760
96762
96431
96785
96798
96823
96822
96824
96844
96840
96848
96863
96879
96889
96922
96936
96943
96956
96942
96966
96966
96981
96999
97001
96979
97003
95208
97008
97023
97036
97008
97038
96891
97049
97064
97050
97098
97075
97120
97076
97122
97149
97165
97062
97185
97199
97203
97181
97204
97159
97255
97262
97290
97321
97328
97315
97331
97323
97341
89187
97344
97350
97364
97397
97404
97400
97415
97392
97435
97418
97435
97439
97502
97510
97524
97525
97532
97533
97555
97527
97560
97592
97563
97598
97615
97633
97569
97643
97656
97659
97727
97666
97753
97707
97763
97768
97723
97807
97810
97851
97817
97880
97905
97908
97859
97912
97950
97961
97966
97938
97967
97984
97991
97985
97994
97999
98010
97632
98030
98048
98034
98078
98079
98138
98135
98147
98170
98160
98197
98213
98216
98150
98223
98244
98291
98307
98310
98316
98324
98349
98354
98355
98377
98359
98378
98096
98387
98297
98412
98416
98441
98460
98482
98486
98470
98512
98514
98517
98522
98477
98529
98531
98544
98544
98548
98571
98573
98577
98557
98578
98456
98579
98617
98629
98599
98659
98671
98672
98665
98676
98689
98741
98745
98738
98757
98767
98777
98768
98782
98792
98801
98803
98580
98812
98816
98836
98835
98845
98866
98843
98880
98873
98881
98887
98911
98857
98913
98921
98940
98950
98950
98971
98951
98981
98996
99009
99040
99044
99047
99052
99080
99096
99099
99102
99129
99130
99133
99146
99164
99167
96835
99182
99240
99250
99182
99255
99265
99274
99204
99305
99275
99306
99311
99322
99313
99362
99370
99371
99365
99375
99390
99400
99406
99409
99413
99414
99415
99410
99418
99310
99423
99429
99436
99436
99437
99450
99481
99496
99449
99496
99537
99438
99542
99545
99560
99585
99574
99609
99450
99634
99656
99661
99518
99681
99695
99689
99718
99741
99742
99609
99747
99748
99756
99762
99809
99782
99817
99832
99790
99841
99834
99867
99849
99884
99868
99892
99902
99869
99919
99932
99929
99935
99604
99940
99962
99969
99993
